# Created by Octave 4.4.1, Tue Oct 02 10:59:04 2018 CST <liuming@Mac>
# name: v
# type: matrix
# rows: 3
# columns: 1
 3232
 2112
 4431


